Passo(Delta t) | Erro Absoluto
=======================================
    125.000000    |    76.700888  
    62.500000    |    73.367320  
    31.250000    |    72.851251  
    15.625000    |    72.543941  
    7.812500    |    72.386377  
    3.906250    |    72.307322  
    1.953125    |    72.267798  
    0.976562    |    72.248044  
    0.488281    |    72.238170  
    0.244141    |    72.233234  
    0.122070    |    72.230766  
    0.061035    |    72.229533  
    0.030518    |    72.228916  
    0.015259    |    72.228607  
    0.007629    |    72.228453  
    0.003815    |    72.228376  
    0.001907    |    72.228337  
    0.000954    |    72.228318  
=======================================
