1539843.75 45306657303.357956
3079687.5 86429139488.37753
4619531.25 119598202936.46077
6159375.0 141823103348.83038
7699218.75 151161837225.08914
9239062.5 146873932463.16992
10778906.25 129450987876.58829
12318750.0 100535551011.25185
13858593.75 62748326788.98692
15398437.5 19447204817.25907
16938281.25 -25559162218.785366
18478125.0 -68323150737.05826
20017968.75 -105077656834.1752
21557812.5 -132546376409.7048
23097656.25 -148226670434.09644
24637500.0 -150624071455.35974
26177343.75 -139414881943.71948
27717187.5 -115513115963.17145
29257031.25 -81022598209.57712
30796875.0 -39065811667.8227
