0 29885.0
1539843.75 28503.33365964029
3079687.5 24495.935587427586
4619531.25 18258.47235661859
6159375.0 10396.108612946484
7699218.75 1652.8895246964705
9239062.5 -7168.042786931004
10778906.25 -15281.76339237617
12318750.0 -21988.26384796449
13858593.75 -26724.457059478154
15398437.5 -29100.837297613343
16938281.25 -28924.162056386616
18478125.0 -26207.9981720973
20017968.75 -21172.26182199165
21557812.5 -14231.568723525103
23097656.25 -5970.962651197766
24637500.0 2892.930569980246
26177343.75 11566.50239132052
27717187.5 19248.328007992706
29257031.25 25207.99012447827
30796875.0 28865.522468074487
